2.002627687709906468e+01
-1.087589124157963916e+01
-8.885058263904584308e+00
-1.231777616206400872e+01
-1.028203150197779969e+01
-1.105200435381599711e+01
-1.442130128017940471e+01
9.438946449848746448e-05
9.438946449848746448e-05
9.438946449848746448e-05
9.438946449848746448e-05
9.438946449848746448e-05
9.438946449848746448e-05
9.438946449848746448e-05
9.438946449848746448e-05
9.438946449848746448e-05
9.438946449848746448e-05
9.438946449848746448e-05
9.438946449848746448e-05
1.000000000000000000e+00
1.000000000000000000e+00
1.000000000000000000e+00
1.000000000000000000e+00
1.000000000000000000e+00
1.000000000000000000e+00
1.000000000000000000e+00
1.000000000000000000e+00
1.000000000000000000e+00
1.000000000000000000e+00
1.000000000000000000e+00
1.000000000000000000e+00
1.000000000000000000e+00
1.000000000000000000e+00
1.000000000000000000e+00
1.000000000000000000e+00
1.000000000000000000e+00
1.000000000000000000e+00
1.000000000000000000e+00
1.000000000000000000e+00
1.000000000000000000e+00
1.000000000000000000e+00
1.000000000000000000e+00
1.000000000000000000e+00
1.000000000000000000e+00
1.000000000000000000e+00
1.000000000000000000e+00
1.000000000000000000e+00
1.000000000000000000e+00
